0000011101010011000000000
1000001001100010100000001
1000100111111000010000110
1001010101011001100011110
1001100101101111101011101
1010000111000111001110000
1010101110011100001000001
1011000110110111000011110
1011101110001011011011111
1100000000000000000000000
1100000001100111101100001
1100000010100111110000110
1100000011101000011001011
1100000100010100010101010
1100000101100010100101110
1100000110001111000010001
1100000111010010100000100
1100001000100111000001100
1100001001111111101101101
1100001010000111100000101
1100001011110010010100011
1100001100100111000101111
1100001101011101010010101
1100001110111101101001000
1100001111010010101100111
1100001001111100101101000
1010111000001001010101111
1001100110110110001001001
1000111100100111000101001
1100001001000011101111011
1100000101110010010111100
1100000010000000111100110
1010011011100101100011010
1000011101100001000101110
1011110101000001111111010
1000110010111001100010000
1100001011100100110111111
1100000011011110100010000
1100001101110110111011011
1100000010011111011110010
1010011110000111110100111
1011100101001110111111101
1100000000000000000000000
1000100011100001001000100
1100000011111111000110000
1100001001001010110100101
1100001000011111001001001
1100000101111111110110001
1001010000100001101110010
1000011101001111001001011
1100000011011010111011100
1011110000011111010110010
1001100111111111110111011
1000110010110110001101000
1010001000111011000110010
1100000000000000000000000
1100000100111001000101110
1100000010010011001000110
1010110000011111001110101
1100001010111100001011001
1100001011111110111110000
1100001101001000001100001
1010111110011011010110101
1010000101111000001000111
