0000011101010011000010001
1000001001100010100000001
1000100111111000010000110
1001010101011001100011110
1001100101101111101011101
1010000111000111001110000
1010101110011100001000001
1011000110110111000011110
1011101110001011011011111
1100000000000000000000000
1100000001100111101100001
1100000010100111110000110
1100000011101000011001011
1100000100010100010101010
1100000101100010100101110
1100000110001111000010001
1100000111010010100000100
1100001000100111000001100
1100001001111111101101101
1100001010000111100000101
1100001011110010010100011
1100001100100111000101111
1100001101011101010010101
1100001110111101101001000
1100001111010010101100111
